9899, 7857
1989, 17873
192239 , 27042
73906 , 102190
2614 , 59361
19629 , 79626
5349 , 258924
80683 , 148288
17208 , 86677
250002 , 47034
214529 , 173886
43452 , 39353
69275 , 127837
93042 , 264120
65419 , 156702
213271 , 93066
222952 , 111290
194038 , 146771
163116 , 247686
189383 , 236408
29156 , 216320
82280 , 112678
122988 , 52826
246137 , 254536
158243 , 204913
175418 , 62345
219765 , 140938
49446 , 204864
100295 , 240668
115873 , 140148
161825 , 169448
49793 , 203316
128143 , 22388
48244 , 74447
13304 , 83272
404 , 111436
121254 , 197789
79182 , 4793
91880 , 157162
152015 , 181776
8649 , 241394
34771 , 152434
106539 , 145835
101472 , 18031
245032 , 198693
43944 , 127482
178839 , 185462
52592 , 79610
204985 , 216280
97552 , 251704
46719 , 9915
259562 , 179129
46880 , 237207
169166 , 138615
151926 , 182703
239038 , 259997
230680 , 125957
104627 , 82425
116817 , 57489
130136 , 17434
11263 , 222968
73261 , 232915
162212 , 133540
236965 , 6487
194587 , 213884
259150 , 199968
179016 , 82401
75503 , 7382
110992 , 14522
56706 , 145061
154742 , 111952
97076 , 199605
173047 , 28027
207172 , 187479
104288 , 116567
8245 , 122069
236771 , 245395
209826 , 240159
33795 , 49906
31673 , 177637
110718 , 40047
260247 , 10698
201928 , 198572
85168 , 130652
98092 , 242321
49333 , 225025
92405 , 34811
51204 , 148860
250171 , 92227
238949 , 50995
63072 , 142423
79465 , 160082
181485 , 173111
5293 , 238610
120213 , 78158
129426 , 167165
239724 , 223549
166730 , 81005
47614 , 99294
74616 , 199459
65290 , 22275
218 , 92026
97390 , 148586
104320 , 165124
91662 , 174055
170852 , 90727
127732 , 61813
100932 , 133073
170997 , 152805
143052 , 94607
95486 , 204929
107668 , 251365
83167 , 210955
118842 , 56238
53044 , 161542
36409 , 37796
77972 , 17402
101247 , 29576
178298 , 229252
201516 , 214908
128450 , 104223
48123 , 237053
44573 , 173232
36304 , 216143
10464 , 42040
59102 , 244500
38409 , 259900
14748 , 86943
208301 , 217119
66823 , 151781
166907 , 76625
169658 , 171869
209769 , 72857
89920 , 98165
219797 , 160187
230035 , 173845
6648 , 217377
254705 , 197273
229034 , 89492
55787 , 229164
42016 , 202299
56844 , 108523
168230 , 180146
105538 , 32811
133185 , 167754
35263 , 95583
213964 , 171957
86943 , 243919
13885 , 9052
42467 , 135202
246984 , 196515
19298 , 91049
173732 , 30302
191481 , 248719
179573 , 59538
7382 , 165479
87330 , 177234
249679 , 205647
51567 , 10141
48357 , 92647
177242 , 228155
123109 , 185632
159453 , 89275
136049 , 69695
109177 , 150272
109467 , 19435
161058 , 172054
133960 , 189109
27986 , 92429
126740 , 181316
63806 , 175330
209979 , 191940
240692 , 14401
32278 , 38724
188528 , 166092
246783 , 179258
139430 , 10109
239280 , 232503
109007 , 106418
78262 , 167125
65371 , 3002
251470 , 199588
3647 , 28003
23436 , 71050
33392 , 135331
138768 , 90646
189770 , 107531
131580 , 120140
75955 , 936
195458 , 209326
162260 , 114195
253479 , 114582
91324 , 158041
102715 , 88072
44371 , 79924
145714 , 170199
253495 , 106329
239054 , 108306
221161 , 77319
136727 , 42080
133468 , 130160
115857 , 113590
212900 , 162882
239772 , 199532
232633 , 134847
18233 , 38563
225041 , 221104
92017 , 158388
112751 , 234190
35400 , 174249
87709 , 238062
248388 , 150764
259804 , 181509
181469 , 12578
78690 , 211633
71946 , 52181
15651 , 23283
20621 , 164003
193409 , 226840
151265 , 59982
36748 , 124989
175765 , 210617
240894 , 167795
256827 , 215215
27454 , 40346
169327 , 161155
237287 , 123440
238417 , 89767
207478 , 189367
262345 , 220725
39192 , 165625
162446 , 224815
168714 , 646
154411 , 197015
67589 , 27890
217974 , 33545
144335 , 184147
95777 , 129200
214271 , 6995
127095 , 98746
196152 , 146594
182106 , 24598
103086 , 179121
174458 , 141656
228002 , 65952
210931 , 24929
177314 , 45719
155024 , 63870
32238 , 223395
99835 , 209084
176532 , 194958
205308 , 97043
162293 , 235980
73406 , 32407
25703 , 163180
81619 , 60490
194756 , 40797
90081 , 46033
228599 , 162511
57368 , 105651
196749 , 251228
95188 , 80465
179484 , 65742
3026 , 39765
111524 , 34844
42588 , 237965
208713 , 142608
85200 , 136445
234480 , 179339
213779 , 199629
224872 , 110815
176992 , 261086
136138 , 243483
248267 , 19516
240329 , 202751
94502 , 218805
261699 , 102949
57424 , 26494
136872 , 18193
130676 , 3357
127038 , 75294
242684 , 98358
257391 , 185858
36086 , 211197
248654 , 152684
167690 , 158501
180138 , 224799
147634 , 241587
141447 , 192957
28648 , 44750
169586 , 7656
171046 , 98584
50406 , 11529
49938 , 72188
16781 , 67323
111290 , 243330
71873 , 167190
241458 , 174999
27551 , 218418
178605 , 25502
100843 , 5293
188964 , 6672
193352 , 194385
198846 , 245258
75721 , 95817
199298 , 262764
188108 , 185527
114356 , 64669
256084 , 78222
99399 , 203662
191263 , 220435
253446 , 164439
211746 , 108201
183276 , 100835
157686 , 241378
46832 , 250115
224057 , 90404
77077 , 147441
178089 , 80554
213747 , 160106
76633 , 133863
16531 , 62821
79360 , 130265
222669 , 81481
258440 , 115163
42459 , 184002
115413 , 63499
14804 , 137978
27567 , 199919
22509 , 78851
104958 , 98875
174458 , 143173
2114 , 207745
234561 , 232366
188375 , 51688
17628 , 47647
25744 , 199766
132766 , 197257
31609 , 136235
207696 , 22597
238506 , 174031
54456 , 81949
177831 , 82950
116994 , 180009
65911 , 190456
52221 , 88976
260013 , 6801
244266 , 193675
148909 , 132274
80884 , 218660
154306 , 119213
171022 , 142866
77246 , 161421
217385 , 137945
109193 , 76496
252002 , 199419
121230 , 17410
120746 , 7519
114485 , 79561
166383 , 215739
88573 , 67476
111145 , 152434
96535 , 24066
145561 , 6713
64790 , 142850
167286 , 104837
146432 , 137598
119197 , 61168
129232 , 126272
14094 , 191126
252551 , 195837
215997 , 39410
104167 , 176112
36675 , 112081
66129 , 225832
240224 , 79497
129942 , 58231
112339 , 67428
21710 , 52657
238554 , 153911
215796 , 229228
61918 , 195071
111379 , 68695
42677 , 120165
88048 , 177016
134016 , 175628
13836 , 53399
166609 , 200952
128773 , 98794
200645 , 59570
49615 , 8633
93591 , 43444
232689 , 100819
43218 , 202138
54447 , 101908
32544 , 58610
18822 , 92009
200363 , 41774
136203 , 246105
64161 , 17862
132669 , 107168
205219 , 215957
143068 , 108749
112944 , 194111
144778 , 2364
28003 , 83934
222217 , 79594
216780 , 24517
183381 , 108564
229906 , 173014
89734 , 24235
36425 , 110694
220781 , 200056
35142 , 31746
184051 , 53423
248493 , 154475
185962 , 214207
194449 , 213561
208922 , 135824
6261 , 231164
110169 , 78956
65831 , 196087
88605 , 140365
249227 , 113130
41193 , 234359
15442 , 166512
163011 , 43774
172554 , 80457
255076 , 204429
150514 , 64354
94163 , 39031
74019 , 46283
179073 , 242096
142826 , 111194
184881 , 15934
4373 , 169158
255536 , 231576
142536 , 183889
86935 , 264321
36877 , 44492
137921 , 77617
139002 , 146037
185785 , 227719
41112 , 176056
92090 , 260062
147707 , 80295
110564 , 65653
18636 , 176104
51390 , 174378
165810 , 157267
184857 , 2122
207244 , 38619
26679 , 74076
160841 , 140858
2735 , 103538
160889 , 255972
20580 , 6011
92340 , 116292
210020 , 221927
241862 , 250389
239159 , 232786
230971 , 61555
89008 , 103417
238094 , 142818
14933 , 234173
188867 , 112783
198838 , 190504
128305 , 43548
199435 , 252946
97850 , 201815
26333 , 210520
87209 , 36675
37466 , 98084
234625 , 123311
163753 , 44041
259328 , 65508
154483 , 228002
150232 , 31447
25671 , 229825
37232 , 247517
25615 , 91098
211786 , 44420
92913 , 255859
16240 , 32738
236126 , 68138
4994 , 14175
224146 , 187786
17007 , 170941
16466 , 143254
206292 , 254398
115453 , 83401
48921 , 85636
97568 , 61966
258448 , 54560
57207 , 101077
249179 , 171683
47622 , 183050
44379 , 60151
137945 , 244726
61886 , 28454
136033 , 116567
8052 , 59740
9964 , 9585
93623 , 30495
58070 , 170489
250865 , 109483
9681 , 43726
36909 , 155443
71841 , 54843
189867 , 236811
196313 , 9480
63144 , 34658
53399 , 130096
99512 , 44904
216546 , 46671
133903 , 226445
171070 , 177314
42822 , 68525
259771 , 21904
138228 , 217926
6672 , 183986
157476 , 122851
195797 , 452
63047 , 28696
88984 , 237691
181816 , 196708
67436 , 90364
196603 , 129257
23638 , 56206
71325 , 189262
87403 , 187366
43129 , 202880
92687 , 4680
119431 , 76230
139535 , 149425
178492 , 187568
243628 , 163164
53996 , 241378
106176 , 136420
173619 , 161373
168932 , 88056
17241 , 122770
228526 , 57755
251801 , 128708
211665 , 60579
257012 , 196410
178339 , 242475
71276 , 236118
189319 , 121246
58005 , 159840
13054 , 159872
184293 , 95914
101150 , 62644
142616 , 188915
106684 , 213166
92703 , 125513
75536 , 116131
82151 , 244822
56198 , 261780
37506 , 144101
85991 , 217635
235085 , 75181
210 , 159380
177879 , 249284
228938 , 231737
17378 , 173321
120229 , 192723
67646 , 8600
241482 , 76625
171175 , 259295
174934 , 99601
15288 , 195345
109629 , 14248
43847 , 40926
124908 , 102553
97721 , 195619
180815 , 48292
187084 , 140083
261732 , 257254
291 , 74648
252148 , 16111
230729 , 11908
48332 , 230478
211480 , 164761
13360 , 110177
226235 , 258973
164616 , 36393
78513 , 25518
51559 , 243023
172684 , 87879
92155 , 144980
125562 , 212601
245532 , 106103
104554 , 218216
225928 , 169553
175451 , 246662
43452 , 186939
212529 , 140874
53770 , 98689
147812 , 183921
95535 , 43573
204332 , 35699
69848 , 107257
97334 , 237215
218692 , 180880
20306 , 210721
20209 , 3962
20677 , 33504
37788 , 126788
53391 , 177984
89315 , 165875
225057 , 151490
188665 , 110250
80304 , 9375
4696 , 259005
143891 , 123472
117623 , 261014
76359 , 7229
25195 , 238933
93260 , 38998
143552 , 238877
5777 , 11416
111799 , 194829
153572 , 198967
116559 , 85612
173837 , 193441
188859 , 94478
141689 , 141842
224468 , 184704
25929 , 165286
174039 , 223065
144811 , 214255
246194 , 64508
151910 , 103941
41314 , 201210
29947 , 134670
160002 , 10214
93776 , 190690
181372 , 18572
43887 , 101368
256028 , 197450
151781 , 215618
208890 , 175378
124457 , 215191
224492 , 255479
51285 , 140374
182122 , 138591
37812 , 67557
127385 , 53052
21871 , 33133
4938 , 135622
77585 , 79747
81465 , 120729
59006 , 168779
183808 , 205324
210850 , 99593
238635 , 123642
11811 , 236819
238546 , 207285
50269 , 13804
6293 , 142955
232576 , 36409
54044 , 260715
181025 , 261191
208648 , 7786
144536 , 72139
207583 , 26752
84184 , 131935
258327 , 114074
14869 , 200282
214440 , 6479
58425 , 197329
119422 , 29487
117220 , 26324
243039 , 96285
2590 , 146481
188730 , 171441
191682 , 260836
219709 , 158888
81691 , 224710
152628 , 213787
259489 , 10883
23807 , 230914
104280 , 193707
256165 , 37804
149094 , 52414
244669 , 102618
254544 , 43032
226066 , 55480
112589 , 187770
63660 , 120221
7027 , 73737
77173 , 111766
153507 , 204985
192029 , 38668
246638 , 89823
158945 , 138268
180670 , 209302
26002 , 154419
134581 , 76681
177540 , 179065
195087 , 62394
121988 , 224291
87516 , 251696
101424 , 52987
245557 , 44323
210859 , 135630
31391 , 222629
42661 , 238667
152983 , 94551
153080 , 213004
67452 , 161744
171135 , 16757
60700 , 11214
133952 , 104014
113969 , 30302
133258 , 7132
224920 , 80037
98697 , 209423
109621 , 25671
89694 , 112952
45057 , 17894
13739 , 106426
249986 , 136275
200129 , 9044
35005 , 196531
161010 , 44839
199661 , 126102
140987 , 59949
126570 , 123537
143520 , 229494
187850 , 213142
242402 , 23945
120697 , 260812
38797 , 3365
22226 , 62579
14619 , 37167
171764 , 42959
263628 , 103925
250615 , 59998
144076 , 176790
247557 , 26163
150046 , 61902
183558 , 106361
28543 , 189448
150918 , 237045
255350 , 259344
179460 , 164197
103594 , 177927
103199 , 8455
211093 , 187544
261933 , 176080
236900 , 131354
38966 , 95325
41798 , 42492
91937 , 148247
5987 , 149232
255536 , 197418
194869 , 106273
30294 , 135106
66476 , 37691
245056 , 83845
17475 , 29447
118535 , 124642
116792 , 128385
203203 , 89742
231777 , 129031
150127 , 88984
68098 , 147755
191682 , 192094
156097 , 208212
39144 , 200218
189916 , 101981
126901 , 43798
246226 , 127401
221919 , 154072
231358 , 5406
65976 , 230398
175781 , 11771
241361 , 244806
161502 , 38530
261506 , 255366
121827 , 95333
7753 , 226283
149812 , 78166
191900 , 127320
233028 , 201549
35247 , 188633
50817 , 185874
3954 , 261877
130967 , 182163
125247 , 14094
243661 , 204179
138050 , 227050
30471 , 256980
197693 , 55408
125481 , 46800
193231 , 32956
42645 , 197007
97939 , 129031
74455 , 153959
204630 , 710
39547 , 259013
229785 , 259666
9278 , 262587
103368 , 3413
80715 , 170457
106652 , 3865
96479 , 192118
2590 , 194183
79586 , 130080
108136 , 53729
169118 , 2501
252212 , 48881
31730 , 123303
97277 , 40491
235803 , 53028
204913 , 217643
11747 , 195845
185761 , 204267
229809 , 169053
187439 , 47590
203195 , 99560
210358 , 56844
55529 , 31246
68340 , 29100
168561 , 160865
35505 , 117470
196692 , 258844
237925 , 177734
2679 , 199548
153241 , 113025
242797 , 221524
242112 , 167383
197442 , 199008
201412 , 251236
92130 , 246081
92816 , 157476
217853 , 84176
158380 , 15611
130426 , 23138
25308 , 199137
18911 , 193473
249106 , 33448
120762 , 86879
24195 , 71058
9488 , 65435
91122 , 143794
241361 , 23412
175596 , 73559
256197 , 34166
252793 , 9786
41628 , 16676
259207 , 137461
248921 , 82030
143641 , 160607
74689 , 180267
166568 , 155516
21282 , 179444
167391 , 26341
126481 , 54593
87903 , 214779
246638 , 261094
207099 , 103433
121334 , 119648
203437 , 201105
252349 , 103062
258134 , 55674
3236 , 36449
143262 , 97584
32367 , 158227
36861 , 152660
178815 , 225945
66484 , 183817
178065 , 177693
208374 , 229922
142931 , 176524
187229 , 78706
255947 , 112275
210794 , 136049
45154 , 88968
69348 , 63201
126336 , 121802
77843 , 80723
174507 , 43177
69017 , 189189
237675 , 220943
179646 , 90460
212843 , 123069
166827 , 82240
103384 , 90186
203541 , 158412
107434 , 178048
154677 , 231358
248396 , 109540
18378 , 30552
183542 , 14070
120100 , 7382
223371 , 178226
43185 , 214586
232568 , 14215
170530 , 76213
88605 , 21371
62717 , 246170
219442 , 74092
190658 , 218966
80505 , 190634
190908 , 28212
229946 , 24122
161478 , 225170
46703 , 57787
16902 , 13651
186737 , 217175
248106 , 158154
236061 , 203195
163269 , 231705
127119 , 166472
127498 , 256980
6817 , 211173
176378 , 8020
249526 , 256690
199742 , 210447
4413 , 67089
150659 , 229196
199968 , 183631
188859 , 182558
142721 , 133670
6858 , 221209
241991 , 202702
155774 , 152612
261788 , 234996
125021 , 79997
80521 , 163374
222653 , 213674
25663 , 227623
160050 , 259481
97931 , 30697
65839 , 243136
174902 , 208043
5156 , 2977
243959 , 43250
28019 , 2913
111323 , 92510
259650 , 169505
16063 , 243322
148570 , 197862
9681 , 154943
86225 , 145214
59006 , 172280
20048 , 262869
54593 , 144101
124029 , 207051
96455 , 52939
263765 , 16087
239127 , 151983
147634 , 86386
67952 , 22291
73245 , 155629
196539 , 61385
195764 , 77004
241434 , 58223
77609 , 13610
122359 , 216078
146868 , 193530
37078 , 71397
215465 , 233730
143504 , 141382
120786 , 23767
56440 , 162381
20927 , 62709
249050 , 73479
120447 , 67993
179283 , 250937
81 , 93994
254116 , 10424
235303 , 71292
72688 , 134880
132685 , 153919
61103 , 250163
84733 , 164592
261869 , 242862
257303 , 261070
218369 , 243290
144964 , 56117
61861 , 173216
225178 , 164681
132709 , 254503
201178 , 238546
36151 , 41515
87161 , 105651
15901 , 17128
211810 , 189109
258803 , 142907
49260 , 156758
220709 , 196337
148489 , 171554
195700 , 250978
196983 , 256681
81239 , 52318
133379 , 31060
