402 , 181063
62103 , 259824
187946 , 154169
112538 , 287845
264354 , 239861
55936 , 275952
228263 , 164983
97665 , 4815
29365 , 117088
47328 , 53299
317583 , 143188
38258 , 1501
2863 , 121402
170807 , 183504
193329 , 195064
53406 , 213016
144825 , 113127
18325 , 195231
251656 , 257853
167023 , 97008
281423 , 233459
307102 , 297405
173278 , 45729
148453 , 75604
277011 , 67339
250480 , 271040
320240 , 321171
196456 , 126079
85526 , 95508
269913 , 7629
120755 , 29758
217566 , 18061
2824 , 295179
88635 , 87674
188877 , 222056
269099 , 233400
155796 , 65976
238940 , 150502
147129 , 304935
239165 , 34787
192456 , 123765
236136 , 195643
183897 , 116088
48690 , 72320
136589 , 257941
166131 , 318054
241450 , 111019
54289 , 211173
158032 , 20414
224811 , 162179
47386 , 305072
45484 , 290787
222605 , 97361
137040 , 22610
310543 , 219487
49230 , 281835
263981 , 186995
61476 , 57152
262540 , 152688
49975 , 161895
235175 , 130304
89821 , 182720
219183 , 242832
231930 , 152698
39523 , 118166
268158 , 11276
166101 , 212997
136932 , 33630
304994 , 296013
176553 , 111156
151551 , 120470
272109 , 101802
146531 , 87350
315799 , 95674
237479 , 182249
62966 , 244587
269687 , 127755
160924 , 285983
8825 , 319544
183955 , 16227
170699 , 62348
270844 , 201359
211271 , 63564
270560 , 39621
35317 , 238744
100900 , 302337
91909 , 108048
45063 , 235518
268138 , 227459
192838 , 240058
81193 , 46416
520 , 19600
259020 , 273923
67653 , 37141
177729 , 4579
36552 , 146021
241666 , 220438
174592 , 23738
140305 , 64878
223674 , 93282
