224851 , 1447595
215825 , 1379809
1056282 , 461984
650267 , 107285
1473555 , 1041487
233598 , 1337333
1252613 , 887306
291706 , 271189
1245774 , 724519
237133 , 768205
1115925 , 618305
426207 , 867022
1040045 , 1152261
1100526 , 724565
187539 , 560708
1272432 , 53503
788164 , 1010688
649755 , 159578
1447223 , 1404607
837758 , 527443
719122 , 571641
1291181 , 483059
695302 , 414483
1498492 , 453982
1126858 , 864789
298778 , 1160588
1279690 , 606208
763599 , 1357013
41872 , 1516264
872884 , 76998
809983 , 295847
1285180 , 955464
1002500 , 301616
1283830 , 188004
167580 , 1132860
478779 , 1434615
436117 , 512695
213825 , 1117554
1272339 , 1079311
915035 , 1139094
385266 , 220245
2466 , 93002
1229072 , 1299788
321016 , 176233
843341 , 21727
173442 , 692882
1146724 , 1046000
828453 , 112635
665759 , 307850
1061353 , 442630
1908 , 859159
294684 , 1232887
891819 , 731544
534003 , 1365852
1254381 , 1138164
265420 , 1309419
1083126 , 782860
463426 , 22844
139340 , 555590
224572 , 252905
1506960 , 679437
181537 , 7119
13586 , 576061
810495 , 870744
917361 , 925596
253417 , 1010781
687207 , 536794
86954 , 926386
1194132 , 1223535
792537 , 460309
1335379 , 1107784
1457225 , 1411213
822219 , 216988
704420 , 358747
1314443 , 319527
1188549 , 1286110
1519568 , 1523987
932202 , 598253
405829 , 453191
1280760 , 36196
572990 , 141201
1032368 , 85698
13399 , 1400652
420578 , 416018
896239 , 1053676
1276898 , 1107504
739267 , 313061
1133791 , 714144
698140 , 1446944
1134861 , 165068
913220 , 587273
1120485 , 928341
872605 , 550845
231039 , 343162
648126 , 1223954
788303 , 1509193
1145701 , 526792
257604 , 1002035
749874 , 96863
1066749 , 769554
