115980 , 129515
366022 , 10345
163752 , 40353
295035 , 24491
3830 , 400285
120195 , 118892
256132 , 301125
364918 , 316508
211272 , 89468
324020 , 204092
199518 , 413515
324326 , 47174
260985 , 167834
320218 , 265306
249377 , 157423
66028 , 98071
185225 , 349788
225285 , 431304
327424 , 150549
73620 , 286366
214303 , 27682
304861 , 219927
64259 , 413701
61680 , 394329
301869 , 132028
185837 , 30661
421120 , 297641
66759 , 382190
357978 , 253579
83365 , 77502
356023 , 207057
67769 , 219542
318915 , 176702
121804 , 247782
297229 , 329299
314514 , 207070
53596 , 160242
363642 , 15291
225245 , 288839
185690 , 45605
413594 , 401415
239419 , 150736
205514 , 163367
369000 , 138051
198707 , 118453
428246 , 129741
322039 , 247144
85386 , 331679
365716 , 173245
218225 , 387814
11967 , 433325
249457 , 22005
231481 , 84549
367285 , 273057
286499 , 86197
366899 , 53729
47892 , 323754
136828 , 409991
124636 , 146521
61108 , 319380
363615 , 308451
261503 , 325536
110103 , 62943
705 , 26579
351250 , 371460
91742 , 50365
241014 , 6210
49567 , 198016
327717 , 298931
236760 , 32190
190264 , 87979
303319 , 126497
358483 , 325270
266409 , 170972
